-0.165859
-0.294161
-0.116803
-0.0866141
0.00395198
0.0907444
0.234141
0.253009
0.268103
-0.0526518
-0.169633
-0.350765
-0.313029
-0.203595
-0.154539
-0.060199
0.426593
0.373763
0.449235
0.373763
0.27565
0.196405
0.12848
0.151122
0.132254
0.192631
0.419046
0.388858
0.373763
0.490744
0.841688
1.08697
0.932254
0.939801
1.05301
1.09074
0.747348
0.268103
0.536027
0.671877
0.709612
0.668103
0.849235
1.05301
0.78131
0.871877
0.686971
0.694518
0.649235
0.313386
0.543575
0.449235
0.464329
0.437914
0.200178
0.351122
0.36999
0.22282
3.75867
43.6379
199.181
453.064
731.913
979.687
1163.5
1285.22
1362.44
1410.82
1439.52
1453.98
1458.15
1453.79
1443.66
1430.06
1414.97
1398.08
1379.61
1359.25
1338.39
1316.15
1292.16
1266.36
1240.61
1214.82
1188.59
1161.2
1133.03
1104.55
1076.12
1046.91
1017.09
987.845
958.804
929.781
900.272
870.868
842.095
813.166
784.302
755.77
726.638
698.215
669.374
640.536
612.393
584.261
555.51
526.385
497.593
469.117
441.223
414.057
386.778
359.996
333.03
306.695
281.076
256.208
231.532
207.728
183.759
159.495
135.902
112.445
89.1813
66.619
44.3398
22.6002
1.45301
-19.8036
-40.5847
-61.3659
-82.0904
-102.49
-122.222
-142.124
-161.4
-179.864
-197.683
-215.196
-231.943
-247.973
-263.977
-279.736
-295.256
-310.664
-326.472
-342.022
-356.49
-370.573
-384.087
-397.607
-410.902
-423.962
-436.509
-448.815
-461.366
-473.411
-485.26
-496.924
-507.872
-518.653
-528.577
-537.951
-546.905
-555.996
-564.445
-571.932
-579.321
-586.694
-594.309
-601.411
-608.464
-615.117
-621.573
-627.826
-634.072
-639.536
-644.773
-649.404
-653.819
-657.822
-662.019
-666.03
-669.777
-672.589
-675.268
-678.358
-680.622
-683.404
-685.441
-687.049
-688.283
-689.539
-690.981
-692.034
-693.256
-694.328
-695.181
-695.913
-695.962
-695.615
-694.385
-693.102
-692.441
-691.589
-690.362
-689.139
-687.781
-686.238
-684.521
-682.596
-680.589
-678.377
-676.019
-673.815
-671.543
-669.151
-666.189
-663.272
-660.041
-656.845
-653.411
-650.392
-647.23
-644.03
-640.66
-637.275
-633.875
-630.321
-626.521
-622.721
-618.924
-614.955
-610.683
-606.102
-601.302
-596.419
-591.638
-587.226
-582.705
-578.321
-573.675
-568.4
-563.264
-557.943
-552.679
-547.513
-542.483
-537.785
-532.724
-527.366
-521.928
-516.517
-511.377
-506.004
-500.902
-495.747
-490.087
-484.641
-478.853
-472.947
-467.287
-461.804
-456.585
-451.204
-446.034
-440.468
-435.162
-429.638
-423.845
-417.894
-412.396
-407.079
-401.211
-395.521
-390.06
-384.075
-378.121
-372.407
-366.63
-360.743
-355.102
-349.543
-344.238
-339.607
-334.328
-328.487
-322.713
-317.211
-311.981
-306.649
-301.256
-296.094
-290.766
-285.449
-279.728
-273.596
-267.992
-262.589
-257.668
-252.728
-247.015
-241.902
-236.947
-231.736
-226.513
-220.989
-215.811
-210.736
-205.415
-200.083
-194.834
-189.762
-184.566
-179.924
-175.026
-170.185
-165.385
-159.905
-154.804
-150.155
-145.558
-141.117
-136.898
-132.219
-127.547
-122.981
-118.241
-113.509
-109.464
-105.019
-100.981
-97.0489
-92.5206
-87.947
-83.4942
-79.2111
-74.7281
-70.596
-66.0866
-62.0262
-57.8942
-53.9357
-50.5319
-46.7998
-43.1621
-39.6111
-35.7659
-32.2187
-28.8602
-25.4602
-21.8791
-18.2262
-14.7621
-11.0715
-7.1885
-3.63001
-0.494161
3.01905
6.20773
9.63414
12.8379
16.1058
19.487
22.5058
25.4606
28.1058
31.2455
34.5511
37.7624
40.2568
43.2115
45.804
48.7172
51.2266
53.8643
56.7473
59.4115
61.8907
64.5926
67.5738
70.5398
73.1662
75.1926
77.4719
79.6983
82.1813
84.653
87.1096
89.653
92.1134
94.4304
96.2907
98.5587
100.913
102.97
105.072
107.279
109.381
111.03
112.853
115.174
117.525
119.661
121.317
123.291
125.434
127.438
129.513
131.362
132.932
134.544
136.427
138.185
139.906
141.638
143.249
144.457
146.174
147.276
148.291
149.695
150.996
152.053
153.061
154.257
155.657
156.744
157.74
158.627
159.581
160.611
161.34
162.196
163.645
164.687
165.77
166.698
167.593
168.415
169.238
169.932
170.359
171.204
171.955
172.702
173.415
174.298
175.211
175.842
176.495
176.653
177.291
177.774
178.464
178.77
179.076
179.547
180.223
180.702
181.464
181.57
181.827
182.457
182.687
182.932
183.057
183.208
183.468
184.03
184.593
185.015
185.506
185.657
185.827
185.891
185.706
185.544
185.623
185.728
185.974
186.023
186.011
186.023
186
185.944
185.657
185.725
186.03
186.227
186.162
186.34
186.17
186
185.438
185.427
185.242
185.011
184.581
184.268
183.978
183.725
183.506
183.015
182.645
182.77
182.385
182.023
181.793
181.234
180.857
180.411
180.015
179.71
179.328
178.751
178.532
178.438
178.242
177.955
177.891
177.234
176.91
176.404
175.925
175.653
175.166
174.593
174.004
173.37
172.895
172.049
171.498
170.702
170.706
170.283
170.049
169.562
168.981
168.362
167.793
167.128
166.676
166.098
165.559
164.796
164.547
164.268
163.487
162.713
162.298
161.679
161.208
160.408
159.736
158.827
158.415
158.215
157.347
156.932
156.076
155.43
154.713
154.106
153.815
153.453
153.042
152.132
151.287
150.155
149.879
149.136
148.068
147.211
146.913
146.253
145.819
145.257
144.6
144.023
143.227
142.811
141.917
140.928
140.132
139.374
138.728
137.744
136.759
136.098
135.751
135.049
134.196
133.861
132.97
132.668
131.857
130.634
129.713
129.125
128.359
127.362
126.528
125.498
124.664
123.921
123.374
122.849
122.253
121.861
120.962
120.347
119.815
119.313
118.695
117.664
116.732
115.974
115.457
114.683
113.815
113.061
112.306
111.642
110.842
110.189
109.691
109.264
108.883
108.045
107.234
106.328
105.887
105.344
104.159
103.355
102.728
102.128
101.181
100.781
99.9624
99.2681
98.4681
98.0606
97.4757
96.7851
95.819
95.2417
94.1889
93.3587
92.9172
92.3964
91.6492
90.8681
90.1134
89.336
89.0794
88.6153
87.9096
87.0757
86.0266
85.1851
84.3285
84.0115
83.1738
82.6794
81.7964
81.2266
80.8455
80.3624
79.7473
78.8757
78.1172
77.2606
76.4907
75.819
75.6568
75.17
74.6417
73.9021
73.2643
72.6719
72.2983
71.4304
70.453
69.9549
69.6304
69.1889
68.5889
67.8681
67.3926
66.253
65.8077
65.3096
64.5096
63.9813
63.2153
62.9058
61.9398
61.653
60.9889
60.3549
59.9624
59.3436
58.6832
58.0304
57.5964
56.9209
56.2379
55.536
54.8115
54.2606
53.9587
53.4077
52.6757
52.0379
51.3738
50.8757
50.3511
49.5587
48.804
48.3285
47.6304
47.3587
47.1964
46.4266
45.9398
45.2304
45.1096
44.3813
43.5964
43.253
43.0907
42.5021
41.8492
41.1511
40.6304
39.8304
39.4266
38.8719
38.5851
38.2153
37.9851
37.5436
37.219
36.4983
35.9473
35.6983
35.4228
35.0228
34.3587
33.3209
32.6794
32.5926
31.804
31.3172
31.3398
30.9851
30.5775
29.9209
29.4455
29.2304
28.57
27.9662
27.5587
27.3662
27.136
26.8228
26.1813
25.3662
25.2568
25.2568
24.453
24.0153
23.6417
23.3775
22.819
22.4379
21.9209
21.0379
20.8606
20.4379
19.7285
19.4115
19.619
19.2002
18.6983
18.1926
17.9247
17.4492
16.8228
16.4228
16.1964
16.0417
15.7624
15.7285
15.3926
14.9134
14.7209
14.4455
14.1096
13.5964
13.4945
13.053
12.6606
12.004
11.57
11.6492
11.1096
10.4228
10.0606
10.0417
9.77754
9.18508
8.90961
8.47942
8.15112
7.9398
7.73225
7.51339
7.42659
6.59263
5.67188
5.69829
5.7549
5.06433
4.73225
4.77376
4.51716
4.20018
4.34735
3.76622
3.38886
3.10584
2.92093
2.60773
2.07188
1.95112
1.6681
1.31716
1.43037
1.21905
0.520933
0.0190463
-0.0639726
-0.297935
-0.320576
-0.531897
-0.97718
-1.46775
-1.42624
-1.53944
-1.95831
-2.55454
-2.35077
-2.4602
-2.61492
-3.20737
-3.36209
-3.61869
-4.18095
-4.47907
-4.4602
-4.49039
-4.48661
-5.06775
-5.12812
-5.15077
-5.20737
-5.35077
-5.77718
-6.10171
-6.19227
-6.42624
-6.45265
-6.57341
-7.06775
-7.7319
-7.43001
-7.31303
-7.7168
-7.96586
-7.95077
-8.19227
-8.87152
-8.98473
-9.04133
-9.30548
-9.4451
-10.1243
-10.464
-10.4187
-10.3583
-10.6602
-10.8413
-11.1055
-11.547
-11.7545
-11.7998
-11.8979
-12.3583
-12.8715
-13.1734
-13.0602
-12.7885
-12.4942
-12.9357
-13.3772
-13.6979
-13.596
-13.9847
-14.2866
-14.5319
-14.4828
-14.3055
-14.513
-14.7093
-14.6225
-14.864
-15.2791
-15.1357
-15.2111
-15.3394
-15.6715
-15.8074
-16.147
-16.1923
-16.3885
-16.4677
-16.4376
-16.6413
-16.6262
-16.9583
-17.6111
-17.6451
-17.5998
-17.8527
-17.9432
-17.996
-18.0715
-18.0187
-17.9545
-18.3281
-18.464
-18.6489
-18.9394
-19.1659
-19.3659
-19.4376
-19.1093
-19.1923
-19.464
-19.6036
-19.7319
-19.8942
-20.1847
-20.3508
-19.8602
-20.2715
-20.6489
-20.83
-20.8942
-21.2753
-21.4979
-21.7017
-21.5885
-21.6338
-21.7319
-21.947
-22.0677
-22.2376
-22.181
-22.2187
-22.2489
-22.63
-22.7243
-22.7319
-22.8074
-22.8866
-23.0376
-23.1508
-22.996
-23.1319
-23.2036
-23.0225
-22.9545
-22.9923
-23.196
-23.2527
-23.0942
-23.0715
-23.396
-23.8111
-23.7168
-23.5394
-23.8451
-23.5998
-23.6376
-23.7734
-23.8828
-24.0074
-24.1508
-24.2187
-23.9432
-23.947
-23.9772
-24.2527
-24.581
-24.7017
-24.796
-24.7357
-24.9055
-24.913
-25.0074
-25.1394
-24.7545
-24.7659
-25.1885
-25.0338
-25.3243
-25.347
-25.313
-25.4828
