0.0970459
0.0849686
0.0414903
0.087384
0.0245821
-0.113099
0.0414903
-0.151746
-0.101022
-0.00923432
-0.108268
-0.289428
-0.173486
-0.0768672
-0.0382198
0.092215
0.225065
0.212988
0.176756
0.220234
0.126031
0.0366594
-0.258027
0.00525843
0.152601
0.11637
-0.0575435
-0.0333889
0.244389
0.227481
0.0728913
0.000427515
0.0414903
0.060814
0.0849686
0.150186
0.0801377
0.00767389
-0.0454662
0.0366594
0.123616
-0.00681886
0.0342439
-0.0237271
0.0704758
0.200911
0.244389
0.343423
0.193664
0.0656449
-0.055128
-0.134838
-0.0430507
-0.221795
-0.233872
-0.308751
-0.175901
0.0318285
1.46903
7.44246
19.1768
33.6623
49.6188
66.5801
78.0246
80.7637
80.498
81.0294
80.8338
78.6574
75.3531
72.2178
69.5898
67.184
64.7009
62.1357
60.0053
58.2758
55.713
52.7178
49.6598
47.5946
45.812
43.5342
40.9932
38.5149
36.2685
34.0173
32.0318
29.9642
27.9014
26.0053
23.7903
21.7082
19.9569
18.3627
16.4086
14.6429
13.1067
11.4062
9.63328
8.23473
6.70091
5.14777
3.9497
2.59463
1.02217
-0.243534
-1.58411
-2.73629
-3.96576
-5.09861
-6.32566
-7.4416
-8.52131
-9.4875
-10.4319
-11.1783
-12.0865
-13.0189
-13.6107
-14.3377
-15.1542
-16.1445
-16.63
-17.3377
-18.0889
-18.6517
-19.3474
-19.9271
-20.4561
-20.9923
-21.4344
-21.9295
-22.3885
-22.8402
-23.1421
-23.5769
-23.6976
-24.0986
-24.5141
-24.7629
-24.9585
-25.1469
-25.415
-25.816
-25.9078
-26.0769
-26.3716
-26.5527
-26.7049
-27.0189
-27.1252
-27.0213
-26.9513
-27.0213
-26.8836
-26.9851
-27.3136
-27.3764
-27.4658
-27.1566
-26.9899
-27.06
-26.9633
-26.9005
-26.886
-27.0527
-27.031
-26.9633
-26.9706
-26.688
-26.3643
-26.3377
-26.3377
-26.1687
-26.1324
-26.0672
-25.7484
-25.6373
-25.5141
-25.3691
-25.4537
-25.5141
-25.0527
-24.758
-24.7194
-24.4319
-24.2459
-24.2604
-24.0479
-23.6687
-23.502
-23.386
-22.9754
-22.7242
-22.5865
-22.3716
-22.002
-22.1228
-21.8522
-21.6348
-21.4247
-21.0551
-20.7459
-20.6445
-20.6445
-20.4875
-20.2194
-19.9295
-19.7943
-19.5841
-19.2435
-19.0914
-18.6831
-18.5213
-18.1059
-17.7991
-17.4537
-17.2315
-17.1203
-17.0962
-17.0793
-16.3402
-15.9344
-15.659
-15.3619
-15.1687
-15.0648
-14.8136
-14.56
-14.3788
-14.0889
-13.688
-13.5769
-13.4609
-13.0986
-12.6904
-12.4513
-12.1228
-11.7822
-11.5865
-11.3208
-11.1735
-11.0624
-10.8619
-10.4585
-10.3619
-10.2145
-9.80875
-9.69039
-9.52856
-9.23387
-8.8788
-8.63725
-8.24112
-8.05996
-7.79184
-7.52856
-7.54305
-7.44643
-7.29426
-6.95368
-6.75561
-6.50682
-6.22904
-6.07928
-5.6445
-5.5358
-5.27977
-5.27493
-4.91503
-4.81841
-4.74836
-4.49474
-4.61068
-4.33774
-4.10102
-3.86431
-3.66624
-3.46576
-3.21938
-3.06962
-2.88363
-2.82566
-2.62035
-2.52856
-2.36189
-2.22421
-2.04547
-1.79184
-1.77735
-1.74595
-1.473
-1.16141
-1.14692
-1.04547
-0.934355
-0.982664
-0.774935
-0.733872
-0.559959
-0.320829
-0.1445
0.0245821
0.234727
0.481104
0.362746
0.341007
0.471442
0.679171
0.597046
0.652601
0.69608
0.64294
1.09221
1.36275
1.33376
1.17193
1.39656
1.41106
1.3555
1.60671
1.79994
1.83618
2.08738
2.18883
2.03424
2.14294
2.16951
2.21299
2.31202
2.33618
2.36033
2.31927
2.44246
2.37241
2.50526
2.73956
2.62362
2.75647
2.69608
2.86999
2.78304
2.85308
2.93763
2.77337
2.90139
3.12603
3.27579
3.31444
3.66226
3.56806
3.54391
3.50526
3.44729
3.47869
3.59221
3.71057
3.62362
3.5898
3.81202
4.02458
4.16951
4.13086
3.90622
3.87965
4.07289
4.15985
4.02217
3.9642
4.03424
4.05115
4.22265
4.25647
4.19125
4.12603
4.07289
4.26371
4.29994
4.48835
4.39415
4.41347
4.50043
4.54874
4.51492
4.60671
4.66468
4.50284
4.527
4.64052
4.60429
4.63569
4.5584
4.54149
4.77337
4.94004
4.87965
4.8869
4.81685
4.67676
4.68883
4.8869
4.92072
4.88932
4.79994
4.95936
4.79753
4.73714
4.72023
4.72023
4.74197
4.90864
4.92796
4.73956
4.7927
4.83618
4.81685
4.94004
4.8241
4.78062
4.76613
4.96903
5.027
4.98835
4.96178
4.93279
4.95212
5.02458
4.96178
4.71057
4.94729
4.87724
4.66226
4.81685
4.68883
4.70574
4.68159
4.79028
4.83618
4.8555
5.11154
5.11154
5.03666
5.05115
5.08255
4.86275
4.90622
4.96178
4.91347
4.92313
4.7927
4.73956
4.73473
4.84825
4.70091
4.78787
4.69366
4.87241
4.72023
4.64052
4.66226
4.3555
4.54874
4.71057
4.6212
4.68642
4.65743
4.77579
4.86033
4.89898
4.84101
4.83618
4.75888
4.58497
4.36033
4.31685
4.47386
4.28062
4.43038
4.63811
4.4811
4.65743
4.58255
4.46903
4.32651
4.42072
4.41589
4.30719
4.32168
4.25647
4.20333
4.14052
3.9956
4.1985
4.31927
4.21299
4.11154
4.08497
4.17193
4.13328
4.07531
4.13811
4.10671
4.20091
4.04632
3.9183
3.90622
4.13328
4.0898
3.91347
4.03183
3.99801
3.72023
3.7613
3.87965
4.027
4.02458
3.83376
3.79028
3.73956
3.94246
3.74439
3.57289
3.58738
3.70333
3.44729
3.57289
3.57289
3.46661
3.65019
3.40139
3.36033
3.29753
3.31444
3.29028
3.46661
3.62362
3.63569
3.72748
3.684
3.65019
3.65743
3.66468
3.40864
3.33376
3.37241
3.44487
3.28787
3.25647
3.46178
3.20091
3.13328
3.06081
3.03666
3.04391
3.06564
2.97869
2.80478
2.86999
2.92555
2.85792
3.17193
2.97869
2.81444
2.78545
2.88207
2.93521
3.01975
2.96903
2.82168
2.84825
2.96178
2.86275
2.54632
2.56081
2.44487
2.37241
2.52458
2.53666
2.63328
2.65743
2.56564
2.5898
2.73714
2.82168
2.81202
2.70574
2.61395
2.56323
2.36275
2.4497
2.43279
2.20333
2.35308
2.18642
2.17917
2.07772
2.33135
2.29028
2.17676
2.15019
2.14294
2.20574
2.32651
2.22507
2.11154
2.14052
2.30236
2.05115
2.05357
1.82893
1.7299
1.65019
1.7468
1.83135
1.97869
2.04391
1.83859
1.6526
1.7468
1.97627
1.86999
1.88932
1.76371
1.54874
1.66468
1.56806
1.38449
1.7299
1.80236
1.56564
1.53666
1.61154
1.61637
1.76613
1.97869
1.8241
1.44004
1.49801
1.52458
1.35308
1.32651
1.24197
1.23714
1.23714
1.36758
1.53907
1.5898
1.57289
1.38207
1.36516
1.4811
1.49077
1.51734
1.52941
1.27579
1.09221
1.20333
1.20574
1.21057
1.28545
1.20816
1.22023
1.13328
1.01492
1.03666
1.19608
1.17917
1.05357
0.841007
0.973857
1.05598
0.978688
1.08738
1.06323
1.01975
1.06806
0.901394
0.841007
1.05357
1.03666
0.809606
0.705742
0.96178
1.02941
0.985935
1.03183
0.812022
0.857915
1.05357
0.954534
0.942457
0.959365
0.894147
0.795114
0.923133
0.952118
0.920717
0.77579
0.756466
0.681587
0.507674
0.500428
0.425548
0.524582
0.61637
0.633278
0.645355
0.531828
0.374824
0.377239
0.522167
0.684002
0.553568
0.626031
0.498012
0.256466
0.205742
0.338592
0.396563
0.48835
0.493181
0.391732
0.336176
0.398978
0.61637
0.425548
0.365162
0.377239
0.200911
0.292698
0.357915
0.444872
0.32893
0.56806
0.442457
0.280621
0.203326
0.227481
0.193664
0.241973
0.285452
0.268543
0.251635
0.398978
0.345838
0.239558
0.188833
0.280621
0.130862
0.138109
-0.0116498
-0.127592
-0.028558
0.19608
0.241973
0.299944
0.203326
-0.0140652
0.0221666
0.176756
0.203326
0.0125048
-0.0696208
-0.0164807
-0.0889445
0.152601
0.0439058
0.0511522
0.261297
0.285452
0.246804
0.254051
0.401394
0.227481
0.0753067
0.135693
0.0318285
-0.00681886
-0.00198794
-0.0430507
-0.0406353
-0.0261425
-0.0792826
0.0390749
0.0970459
-0.00681886
0.0559831
0.0970459
0.278205
0.109123
0.215403
0.128447
0.0125048
0.164679
0.227481
0.126031
0.133278
0.225065
0.0173357
-0.183147
-0.231457
-0.127592
-0.202471
-0.178316
-0.108268
-0.436771
-0.342568
-0.17107
-0.332906
-0.35706
-0.241118
-0.475418
-0.456094
-0.207302
-0.175901
-0.0744517
-0.0502971
-0.137254
-0.0358044
-0.0672053
-0.0937754
-0.233872
-0.221795
-0.243534
-0.282181
-0.187978
-0.25078
-0.243534
-0.190394
-0.161408
-0.175901
-0.229041
-0.202471
-0.161408
-0.0792826
-0.226626
-0.231457
-0.17107
-0.154162
-0.0889445
-0.207302
-0.231457
-0.366722
-0.415031
-0.446432
-0.51165
-0.417447
-0.395708
-0.0889445
-0.0164807
0.130862
0.0559831
0.0221666
-0.212133
-0.340152
-0.202471
-0.229041
-0.190394
-0.262858
-0.25078
-0.306336
0.000427515
-0.139669
-0.115515
-0.139669
-0.190394
-0.381215
-0.260442
-0.139669
-0.11793
-0.255611
-0.134838
-0.195225
-0.241118
-0.364307
-0.530973
-0.53822
-0.255611
-0.294258
-0.311167
-0.325659
-0.373969
-0.412616
-0.22421
-0.139669
-0.231457
-0.161408
-0.178316
-0.113099
-0.0841135
-0.209717
-0.236287
-0.219379
-0.347399
-0.446432
-0.3788
-0.178316
-0.272519
-0.236287
-0.108268
-0.108268
-0.139669
-0.308751
-0.168655
0.0777222
0.0342439
-0.166239
-0.149331
-0.299089
-0.344983
-0.35706
-0.347399
-0.35706
-0.311167
-0.30392
-0.231457
-0.0792826
-0.289428
-0.236287
-0.294258
-0.45851
-0.492326
-0.245949
-0.320829
-0.40537
-0.236287
-0.422278
-0.388461
-0.398123
-0.320829
-0.308751
-0.25078
-0.212133
-0.473002
-0.480249
-0.369138
-0.395708
-0.192809
-0.156577
-0.22421
-0.306336
-0.424693
-0.342568
-0.279766
-0.359476
-0.419862
-0.400539
-0.393292
-0.569621
-0.632423
-0.460925
-0.528558
0.0100894
-0.209717
-0.0986063
-0.086529
-0.151746
-0.0382198
0.14294
0.181587
-0.0140652
0.00767389
-0.086529
-0.180732
-0.1445
-0.134838
0.0173357
-0.134838
-0.132423
-0.134838
-0.163824
-0.236287
-0.258027
-0.086529
0.0946304
0.150186
0.11637
0.113954
-0.142085
0.0245821
-0.0792826
-0.183147
-0.113099
-0.137254
0.0245821
-0.0188962
-0.00923432
-0.0647899
-0.0792826
-0.122761
-0.125176
0.0583985
0.0680604
0.0318285
0.0583985
-0.0213116
0.0269976
-0.0696208
0.00284297
0.0366594
-0.137254
-0.139669
0.0849686
0.312022
0.215403
-0.0382198
0.217819
0.227481
0.104292
-0.105853
-0.0044034
-0.0575435
-0.0672053
0.0245821
0.123616
0.0535676
-0.0720363
-0.0044034
-0.0502971
0.0439058
0.140524
0.0970459
