# mu1 mu2 m2-m1 sigma1 b sigmab
1159.45 2403.9 1244.45 406.434 26.7669 302.359 3.83
29.8803 1514.75 1484.87 329.44 4894.37 3590.7 0.01
1657.9 2433.1 775.206 404.932 24.9181 330.138 5.02
1979.98 3915.55 1935.56 565.729 67.2386 485.872 4.08
2066.83 4130.93 2064.1 604.734 61.2345 503.577 4.10
2134.67 4245.64 2110.97 596.395 89.6409 510.429 4.18
6.9191e+07 8.08911e+07 1.17001e+07 5.62741 5480.52 3560.74 19431.66
2112.21 4300.38 2188.17 606.058 57.5794 507.628 4.16
3753.99 6004.62 2250.62 2525.34 8601.51 3902.12 0.96
2080.66 4207.95 2127.29 604.969 110.789 588.059 3.54
1964.98 4063.07 2098.09 616.295 76.4509 542.839 3.62
3698.17 27995.4 24297.2 2442.63 8357.86 3806.25 0.97
7486.2 17848.6 10362.4 4056.9 3586.87 2409.68 3.11
7109.8 21828.2 14718.4 4095.04 3574.08 2331.9 3.05
