# mu1 mu2 m2-m1 sigma1 b sigmab
5694.02 3790.82 -1903.2 59.894 2436.51 2025.3 2.81
18.5955 2476.48 2457.89 312.933 2020.78 325.615 0.06
2153.64 4347.4 2193.76 652.708 0.433245 438.694 4.91
2225.12 4476.68 2251.56 543.638 4.6033 471.949 4.71
2269.49 4548.61 2279.12 552.081 5.02884 540.053 4.20
2187.35 4473.03 2285.68 554.683 28.2321 573.632 3.81
1656.24 5366.64 3710.41 1868.06 6912.97 1911.8 0.87
4966.04 3880.11 -1085.94 994.802 10.0308 404.009 12.29
2018.98 4104.92 2085.93 557.542 12.5295 433.754 4.65
2153.64 4347.4 2193.76 652.708 0.433245 438.694 4.91
2225.12 4476.68 2251.56 543.638 4.6033 471.949 4.71
2269.49 4548.61 2279.12 552.081 5.02884 540.053 4.20
2187.35 4473.03 2285.68 554.683 28.2321 573.632 3.81
2164.72 4275.76 2111.04 580.296 45.0769 715.332 3.03
