-0.0914257
-0.174144
-0.250953
0.059239
0.214335
0.162636
0.0946895
0.0548077
0.01788
0.0164029
0.178884
0.230583
0.316255
0.313301
0.251263
-0.0279102
-0.25243
-0.237659
-0.175621
-0.0220018
-0.16085
-0.311514
-0.268678
0.0341282
-0.0205247
-0.0737005
-0.135739
-0.15051
-0.0544981
-0.188915
-0.0973342
-0.280495
-0.230274
-0.326285
-0.0116621
0.0607161
0.212858
0.447718
0.45658
0.490554
0.122754
-0.0884715
-0.212548
-0.20664
-0.0264331
0.0488992
-0.0544981
-0.00870786
-0.00870786
-0.190392
-0.432637
-0.103243
-0.15051
-0.363213
-0.214025
0.116846
0.0976437
0.127186
0.0134487
0.0548077
0.01788
0.311824
0.152297
0.248308
0.0400366
-0.0323415
-0.0412042
0.326595
0.224675
-0.0397271
-0.0663149
0.0104945
-0.0825631
0.0636703
0.187747
0.0090174
0.0149258
0.0828726
0.199564
0.167068
0.0754871
0.320687
0.0725329
-0.233228
-0.338102
-0.29822
-0.355828
-0.287881
-0.157895
-0.304129
-0.188915
-0.165281
0.07401
0.363523
0.530435
0.0843497
-0.339579
-0.095857
-0.0234789
-0.0766547
-0.0574523
-0.149033
0.118323
0.139003
0.128663
0.0784413
-0.0397271
0.118323
-0.0441584
0.215812
0.325118
0.447718
0.427038
0.109461
0.158205
-0.0618836
-0.128353
-0.261293
-0.149033
-0.0146163
0.0267427
0.113892
0.493508
0.0858269
0.17593
0.150819
0.0488992
0.0754871
0.313301
0.655989
1.14048
1.80961
2.29114
2.74018
3.41965
4.12275
4.71507
4.99572
5.33841
5.73575
6.26751
6.65747
6.75052
6.68701
7.04447
7.2616
6.93369
6.66633
6.54816
6.50532
6.69292
6.64565
6.16411
5.65156
5.35614
5.23945
5.03708
4.75496
4.49646
4.07549
3.8229
3.6619
3.42408
2.89528
2.58952
2.36795
2.20104
1.98834
1.57327
1.37091
1.18775
1.204
1.06072
0.63531
0.616108
0.935162
0.855398
0.376817
0.359091
-0.156418
-0.0589294
-0.0205247
-0.183006
-0.233228
-0.18596
-0.314469
-0.341056
-0.531603
-0.822593
-0.714764
-0.900879
-1.36764
-1.23027
-1.07665
-1.11358
-1.29083
-1.28788
-1.24061
-1.51831
-1.64534
-1.64682
-1.45479
-1.55671
-1.7901
-2.42082
-2.55524
-2.48729
-2.69704
-2.4415
-2.45332
-2.34549
-2.57148
-2.64239
-2.70147
-2.62614
-2.40753
-2.59069
-2.74431
-2.90236
-2.88759
-2.72067
-2.78123
-3.07518
-3.29674
-3.45922
-3.53751
-3.57739
-3.474
-3.16824
-3.12097
-3.1254
-2.97326
-3.15642
-3.07222
-3.05893
-2.81964
-3.1254
-3.47104
-3.41934
-3.23027
-2.94372
-3.24652
-2.99246
-2.9186
-2.81373
-3.09438
-3.25686
-2.98803
-2.96144
-2.72806
-2.68079
-2.75465
-2.70886
-2.88906
-2.75169
-2.64239
-2.51535
-2.75169
-2.92008
-2.74726
-2.69113
-2.41343
-2.35435
-2.54047
-2.74283
-2.93042
-2.69999
-2.39571
-2.6025
-2.39423
-2.44593
-2.50797
-2.27163
-2.31151
-2.38389
-2.76203
-2.47547
-2.03825
-2.09143
-1.90826
-1.95996
-2.19778
-2.1638
-2.16676
-2.20369
-2.33219
-2.29527
-2.22584
-2.022
-1.99541
-1.76499
-1.72806
-1.66454
-1.85804
-1.91417
-1.88463
-2.04268
-2.0545
-2.07222
-1.79896
-1.67636
-1.79748
-1.56262
-1.67636
-1.3706
-1.46513
-1.25538
-1.22437
-0.968826
-0.750215
-0.977689
-0.877246
-1.11801
-1.25834
-1.44741
-1.28788
-0.996891
-1.2288
-1.09733
-0.943715
-0.973257
-0.908265
-0.905311
-1.13278
-0.883154
-0.860997
-0.989505
-0.816684
-0.949624
-0.772371
-0.475473
-0.519786
-0.57887
-0.59955
-0.537511
-0.571485
-0.763508
-0.490244
-0.456271
-0.438545
-0.707378
-0.728058
-0.512401
-0.380938
-0.416389
-0.555237
-0.205163
-0.100288
-0.373553
-0.450362
-0.527172
-0.32924
-0.230274
-0.172666
-0.163804
-0.38537
-0.227319
-0.561145
-0.748737
-0.491721
-0.472519
-0.221411
-0.113582
0.0267427
0.221721
0.0237884
-0.132785
-0.348442
-0.010185
-0.267201
-0.215503
0.0828726
0.2424
0.310347
0.260125
0.106506
0.181839
0.00458609
-0.0500668
-0.174144
-0.221411
-0.0412042
0.0636703
0.387156
0.370908
0.286713
0.235014
0.0400366
0.447718
0.286713
0.0681016
0.297053
0.279328
0.336935
0.573271
0.373862
0.170022
0.34432
0.326595
-0.00132233
0.141957
-0.03825
-0.0367729
-0.0426813
0.193656
0.616108
0.610199
0.546684
0.425561
0.332503
0.285236
0.187747
0.116846
0.167068
0.302961
0.698825
0.78302
0.588043
0.534867
0.61463
0.731322
0.791883
0.559978
0.353183
0.362045
0.304438
0.0754871
0.280805
0.217289
0.209904
0.545206
0.387156
0.463966
0.373862
0.69144
0.852444
1.01345
0.741661
0.483168
0.202518
0.122754
0.342843
0.548161
0.653035
0.648604
0.843582
0.89528
0.911528
0.791883
0.712119
0.746093
0.663375
0.570317
0.543729
0.418175
0.574749
0.780066
0.759387
0.505325
0.695871
0.774158
0.837673
0.811085
0.719505
0.886418
0.929254
0.710642
0.554069
0.623493
0.658944
0.573271
0.406359
0.316255
0.700302
0.825856
1.04004
0.763818
0.500893
0.441809
0.452149
0.480214
0.531913
0.821425
0.611676
0.297053
0.202518
0.276373
0.542252
0.574749
0.932208
0.917437
0.881986
0.69144
0.297053
0.412267
0.613153
0.887895
0.930731
0.667806
0.511233
0.403404
0.174453
0.455103
0.932208
0.545206
0.70178
0.740184
0.811085
0.415221
0.375339
0.481691
0.199564
0.168545
0.490554
0.475783
0.434424
0.698825
1.1582
1.25569
1.22911
0.762341
0.562932
0.651558
0.743139
0.555546
0.551115
0.709165
0.562932
0.375339
0.217289
-0.010185
0.158205
0.271942
0.224675
0.0223113
0.636787
0.734276
0.487599
0.367954
0.422607
0.809608
0.653035
0.610199
0.664852
0.678146
0.518619
0.397496
0.413744
0.536344
0.322164
0.0385595
0.44624
0.413744
0.462489
0.620539
0.821425
0.830288
0.629401
0.531913
0.246831
0.322164
0.342843
0.428515
0.307393
0.362045
0.468397
0.42113
0.710642
0.58952
0.472828
0.707688
0.797791
0.503848
0.432946
0.554069
0.590997
0.774158
0.493508
0.494985
0.347274
0.375339
0.329549
0.0607161
-0.0160934
-0.0544981
0.0666245
0.170022
0.404882
0.505325
0.432946
0.762341
0.602814
0.636787
0.669283
0.695871
0.350229
0.215812
0.378294
0.465443
0.52305
0.461011
0.515664
0.570317
0.639741
0.64565
0.385679
0.365
0.429992
0.34432
0.276373
0.305915
0.211381
0.245354
0.195133
0.00163188
-0.118014
0.0636703
0.313301
0.0710558
0.162636
0.375339
0.372385
0.561455
0.593951
0.703257
0.474305
0.511233
0.359091
0.136048
0.0858269
0.147865
0.424084
0.472828
0.264557
-0.144602
0.0474221
0.35466
0.291144
0.170022
0.0075403
0.459534
0.373862
0.264557
0.517141
0.397496
0.530435
0.546684
0.494985
0.58952
0.418175
0.295576
0.0902582
-0.0677921
-0.113582
-0.00575365
0.125709
0.0119716
0.0119716
0.031174
0.162636
0.25274
0.246831
0.282282
0.121277
-0.115059
-0.0293873
0.113892
0.34432
0.165591
0.147865
0.144911
0.13014
0.134571
0.211381
0.486122
0.336935
0.143434
0.329549
0.240923
0.221721
0.313301
0.493508
0.406359
0.121277
-0.16085
-0.0737005
0.180362
0.375339
0.302961
0.233537
-0.115059
-0.106197
-0.292312
-0.35435
-0.301175
-0.301175
-0.0766547
-0.0367729
0.378294
0.574749
0.511233
0.376817
0.17593
-0.0234789
0.311824
0.53339
0.435901
0.0828726
0.0681016
0.171499
-0.0323415
-0.0633607
-0.184483
-0.0751776
-0.237659
0.01788
0.329549
0.453626
0.353183
0.0754871
0.555546
0.280805
0.125709
-0.0751776
0.0208342
0.0385595
-0.103243
0.0164029
0.0577619
0.0223113
-0.0988113
0.0533305
-0.0988113
-0.0988113
0.045945
-0.0929028
0.137526
0.331026
0.031174
-0.264247
0.0075403
0.192178
-0.103243
-0.0663149
-0.010185
0.257171
0.0858269
0.149342
-0.0205247
-0.125399
0.267511
0.30887
0.44624
0.257171
0.209904
0.0681016
0.217289
0.171499
0.18627
0.0681016
-0.293789
-0.332194
-0.0367729
0.0548077
0.230583
0.170022
-0.0869944
-0.00132233
0.125709
-0.233228
-0.18596
-0.274587
0.01788
-0.218457
-0.147556
0.158205
0.260125
0.254217
-0.0692692
-0.0618836
-0.174144
-0.286404
-0.163804
0.0518534
0.0075403
0.0075403
-0.110628
-0.0751776
0.221721
0.243877
0.14048
0.168545
-0.00427654
-0.138693
0.0636703
-0.174144
-0.143124
-0.169712
-0.0323415
-0.00870786
0.0562848
0.0326511
0.342843
0.192178
0.304438
-0.0367729
-0.119491
0.0356053
0.19661
0.177407
-0.10472
-0.0323415
0.0415137
0.118323
0.0932124
-0.119491
-0.0884715
-0.0707463
-0.271633
-0.310037
-0.283449
-0.24209
-0.0397271
0.0784413
0.249785
0.134571
-0.110628
-0.122445
-0.215503
-0.286404
-0.212548
-0.342534
-0.290835
-0.122445
-0.0737005
-0.208117
0.0946895
0.444763
0.267511
0.226152
0.113892
0.0548077
0.0488992
0.059239
-0.0589294
-0.00870786
-0.138693
-0.0146163
0.103552
0.00310898
-0.372076
-0.4415
-0.146079
-0.10472
-0.143124
-0.0677921
-0.0441584
-0.125399
-0.181529
0.0356053
0.150819
0.139003
-0.0441584
0.0104945
-0.0367729
0.0813955
0.141957
0.0104945
-0.0781318
0.0636703
0.0917353
-0.106197
-0.222888
-0.143124
-0.0604065
0.0769642
0.115369
-0.141647
-0.249476
-0.345488
-0.188915
-0.222888
-0.454794
-0.239136
0.0607161
0.112415
-0.0471126
0.17593
0.0681016
0.0208342
0.107983
0.19661
-0.03825
-0.0973342
-0.141647
0.156728
0.280805
0.100598
0.0799184
-0.169712
-0.0205247
0.136048
-0.29822
-0.0722234
0.0813955
0.0252656
0.0636703
-0.0338186
-0.0116621
0.215812
0.150819
0.161159
0.255694
0.280805
0.205472
0.162636
-0.0544981
-0.234705
-0.596596
-0.519786
-0.394232
0.031174
-0.024956
0.155251
0.0917353
0.109461
0.152297
-0.169712
-0.212548
0.0917353
0.301484
0.0799184
0.118323
0.0444679
0.239446
0.0725329
-0.321854
-0.259816
-0.338102
-0.156418
-0.296743
-0.41048
0.0444679
0.202518
0.1198
-0.0707463
0.264557
0.100598
0.147865
0.0488992
0.07401
0.243877
0.153774
-0.302652
-0.324808
-0.149033
-0.391278
-0.394232
-0.355828
-0.184483
-0.290835
-0.169712
-0.0426813
0.162636
-0.0471126
-0.287881
-0.187438
0.102075
-0.109151
-0.141647
0.0267427
0.178884
-0.116537
-0.233228
-0.38537
-0.341056
-0.147556
0.07401
0.0991208
0.0237884
-0.0943799
-0.224365
-0.0589294
-0.16085
-0.0899486
0.0828726
-0.234705
-0.125399
-0.218457
-0.115059
-0.134262
-0.321854
-0.0751776
-0.0190476
-0.0707463
-0.113582
0.164113
0.150819
0.174453
0.0932124
-0.0663149
0.0252656
0.168545
0.168545
-0.151987
-0.177098
-0.10472
-0.249476
-0.264247
-0.205163
-0.103243
0.137526
0.172976
-0.209594
-0.29822
-0.149033
0.316255
0.404882
0.137526
-0.0869944
-0.159373
-0.0840402
-0.660111
-0.688176
