1.184
0.184
-0.816
-1.816
-1.816
0.184
1.184
0.184
0.184
-1.816
-0.816
1.184
2.184
2.184
-1.816
-2.816
-1.816
0.184
1.184
2.184
1.184
-1.816
-0.816
-2.816
-5.816
-4.816
-4.816
-3.816
-3.816
-2.816
-2.816
0.184
2.184
6.184
4.184
4.184
3.184
-0.816
1.184
6.184
4.184
1.184
-0.816
-1.816
1.184
1.184
-1.816
-0.816
0.184
0.184
-1.816
-0.816
-1.816
3.184
3.184
-1.816
3.184
1.184
-1.816
-0.816
-3.816
-1.816
-2.816
-1.816
0.184
-0.816
-4.816
0.184
-1.816
-1.816
2.184
-0.816
4.184
2.184
-1.816
-4.816
-6.816
-6.816
-2.816
1.184
4.184
2.184
-0.816
-4.816
-4.816
-0.816
2.184
0.184
1.184
4.184
1.184
0.184
0.184
5.184
6.184
7.184
4.184
-0.816
-1.816
-0.816
1.184
2.184
-0.816
-4.816
-5.816
-4.816
-5.816
-0.816
2.184
2.184
-3.816
0.184
1.184
-0.816
1.184
1.184
2.184
2.184
1.184
1.184
0.184
0.184
1.184
0.184
4.184
1.184
4.184
5.184
-0.816
0.184
-0.816
-4.816
-4.816
-4.816
-4.816
-1.816
-1.816
1.184
6.184
6.184
6.184
9.184
11.184
10.184
12.184
15.184
13.184
16.184
19.184
20.184
20.184
18.184
18.184
18.184
16.184
12.184
11.184
11.184
10.184
9.184
10.184
11.184
14.184
14.184
16.184
15.184
13.184
10.184
11.184
7.184
6.184
8.184
12.184
9.184
6.184
2.184
4.184
7.184
9.184
7.184
3.184
1.184
-0.816
1.184
3.184
6.184
5.184
3.184
0.184
-1.816
-3.816
-4.816
-4.816
-2.816
-5.816
-4.816
-3.816
-0.816
-0.816
-3.816
-4.816
-5.816
-6.816
-8.816
-10.816
-5.816
-5.816
-7.816
-8.816
-9.816
-10.816
-10.816
-8.816
-7.816
-8.816
-8.816
-10.816
-9.816
-8.816
-3.816
-2.816
-1.816
-5.816
-5.816
-10.816
-11.816
-16.816
-16.816
-16.816
-12.816
-8.816
-7.816
-6.816
-6.816
-9.816
-10.816
-9.816
-7.816
-4.816
-7.816
-7.816
-6.816
-6.816
-3.816
-1.816
-4.816
-5.816
-6.816
-6.816
-7.816
-7.816
-10.816
-5.816
-7.816
-7.816
-5.816
-7.816
-4.816
-5.816
-3.816
-3.816
-8.816
-12.816
-10.816
-7.816
-6.816
-5.816
-8.816
-7.816
-7.816
-6.816
-6.816
-7.816
-6.816
-6.816
-7.816
-11.816
-11.816
-6.816
-5.816
-4.816
-3.816
-4.816
-4.816
-7.816
-5.816
-4.816
-3.816
-3.816
-2.816
-3.816
1.184
3.184
-1.816
-6.816
-4.816
-3.816
-2.816
-1.816
-4.816
-4.816
-6.816
-7.816
-3.816
-2.816
0.184
-4.816
-4.816
-3.816
-0.816
-2.816
-0.816
-1.816
0.184
0.184
0.184
-1.816
-1.816
-2.816
-2.816
-2.816
-3.816
-6.816
-1.816
2.184
2.184
-1.816
0.184
-3.816
-5.816
-3.816
-3.816
-2.816
-3.816
-5.816
-4.816
-2.816
-4.816
-2.816
-3.816
-0.816
2.184
1.184
0.184
5.184
4.184
2.184
2.184
4.184
-0.816
1.184
0.184
-0.816
1.184
5.184
0.184
2.184
-1.816
-3.816
-3.816
1.184
0.184
1.184
1.184
0.184
-0.816
3.184
5.184
2.184
-2.816
0.184
-1.816
-4.816
-4.816
-5.816
-1.816
-2.816
-2.816
-0.816
1.184
4.184
3.184
3.184
3.184
1.184
1.184
-1.816
-1.816
-2.816
-0.816
-0.816
2.184
0.184
-0.816
-4.816
-2.816
1.184
3.184
4.184
7.184
6.184
5.184
2.184
6.184
1.184
3.184
-1.816
-1.816
-0.816
1.184
3.184
7.184
10.184
1.184
-3.816
-1.816
1.184
3.184
2.184
2.184
4.184
2.184
0.184
0.184
3.184
-0.816
-1.816
-2.816
-1.816
-3.816
-3.816
0.184
3.184
7.184
5.184
1.184
3.184
6.184
4.184
1.184
0.184
-1.816
0.184
-0.816
1.184
3.184
5.184
4.184
9.184
7.184
1.184
-3.816
-2.816
-2.816
-3.816
-3.816
-0.816
1.184
3.184
3.184
2.184
2.184
4.184
4.184
2.184
3.184
2.184
3.184
1.184
3.184
4.184
5.184
6.184
3.184
-3.816
-2.816
-0.816
-2.816
-2.816
-3.816
-2.816
-0.816
1.184
2.184
1.184
-1.816
0.184
0.184
2.184
3.184
4.184
4.184
0.184
-1.816
3.184
3.184
5.184
1.184
0.184
2.184
3.184
7.184
4.184
1.184
1.184
2.184
2.184
3.184
0.184
-1.816
-0.816
-1.816
-0.816
2.184
2.184
2.184
7.184
6.184
2.184
1.184
0.184
0.184
-1.816
-1.816
0.184
-2.816
-1.816
1.184
2.184
4.184
4.184
6.184
4.184
0.184
-2.816
0.184
-1.816
-3.816
-2.816
-1.816
1.184
-1.816
-1.816
-0.816
0.184
4.184
6.184
4.184
3.184
2.184
0.184
-0.816
3.184
4.184
2.184
0.184
4.184
6.184
10.184
6.184
0.184
-1.816
-1.816
1.184
-1.816
1.184
0.184
-2.816
-1.816
-1.816
1.184
2.184
-0.816
4.184
0.184
-0.816
2.184
2.184
3.184
0.184
1.184
-0.816
0.184
1.184
2.184
3.184
0.184
0.184
2.184
-3.816
-4.816
-3.816
-2.816
-0.816
2.184
2.184
1.184
0.184
1.184
-0.816
-1.816
1.184
2.184
-1.816
-2.816
-4.816
-3.816
-0.816
3.184
2.184
2.184
3.184
3.184
1.184
0.184
0.184
-0.816
-1.816
1.184
4.184
4.184
2.184
0.184
-1.816
-4.816
-2.816
-0.816
-2.816
-4.816
0.184
3.184
5.184
1.184
6.184
2.184
-0.816
-1.816
-0.816
1.184
-1.816
-2.816
-4.816
-3.816
0.184
7.184
8.184
4.184
3.184
4.184
4.184
6.184
5.184
5.184
3.184
4.184
2.184
-0.816
1.184
1.184
-2.816
-1.816
-0.816
-2.816
0.184
2.184
-0.816
-0.816
-0.816
1.184
4.184
4.184
1.184
-1.816
-3.816
-3.816
-3.816
-2.816
0.184
5.184
5.184
6.184
4.184
6.184
6.184
0.184
4.184
8.184
4.184
-0.816
-2.816
-2.816
-2.816
-0.816
1.184
-1.816
-1.816
-4.816
-4.816
-5.816
-5.816
-5.816
-5.816
-7.816
-3.816
-1.816
3.184
4.184
6.184
1.184
0.184
1.184
2.184
2.184
0.184
2.184
2.184
4.184
0.184
0.184
-1.816
0.184
1.184
-2.816
3.184
0.184
0.184
1.184
2.184
1.184
-0.816
3.184
2.184
3.184
5.184
2.184
1.184
0.184
1.184
3.184
-0.816
-3.816
-3.816
-3.816
-2.816
-3.816
-1.816
-3.816
-3.816
-1.816
-2.816
0.184
1.184
1.184
2.184
-4.816
-6.816
-4.816
-5.816
-5.816
-5.816
0.184
5.184
5.184
4.184
8.184
7.184
4.184
1.184
0.184
-2.816
-1.816
-3.816
-3.816
-2.816
-0.816
3.184
1.184
-1.816
0.184
1.184
6.184
8.184
4.184
3.184
3.184
4.184
1.184
-2.816
-5.816
-5.816
-0.816
5.184
-0.816
-4.816
-2.816
-0.816
-1.816
-2.816
-4.816
-3.816
3.184
4.184
2.184
2.184
4.184
0.184
-5.816
-1.816
-1.816
0.184
-0.816
-1.816
-2.816
-3.816
-3.816
-1.816
-1.816
1.184
4.184
4.184
5.184
4.184
6.184
7.184
1.184
-1.816
-1.816
2.184
1.184
-2.816
-3.816
-3.816
-3.816
-4.816
-5.816
-3.816
-1.816
-1.816
-1.816
-1.816
-0.816
-0.816
1.184
5.184
7.184
3.184
1.184
-1.816
-1.816
-1.816
-0.816
-3.816
0.184
4.184
6.184
2.184
-0.816
0.184
2.184
3.184
4.184
3.184
-0.816
-1.816
-2.816
0.184
-0.816
-2.816
-0.816
-3.816
-1.816
0.184
0.184
1.184
-0.816
-1.816
-1.816
-1.816
1.184
-1.816
-3.816
4.184
4.184
1.184
1.184
3.184
4.184
1.184
-2.816
-0.816
-3.816
-2.816
2.184
6.184
5.184
5.184
4.184
4.184
4.184
3.184
2.184
1.184
2.184
0.184
2.184
-1.816
-3.816
-5.816
-2.816
-0.816
0.184
-2.816
-3.816
0.184
1.184
1.184
-0.816
-1.816
-0.816
-1.816
-0.816
1.184
2.184
1.184
2.184
-0.816
0.184
5.184
7.184
3.184
-3.816
-0.816
-0.816
4.184
4.184
0.184
1.184
4.184
6.184
2.184
-0.816
-3.816
-1.816
-1.816
-1.816
-3.816
0.184
-2.816
-2.816
-1.816
-2.816
1.184
6.184
2.184
-0.816
0.184
3.184
1.184
-1.816
0.184
4.184
5.184
5.184
0.184
4.184
1.184
-0.816
-0.816
0.184
-0.816
-3.816
-2.816
-1.816
-1.816
0.184
-1.816
-2.816
1.184
-1.816
0.184
0.184
-1.816
-3.816
-5.816
-1.816
-0.816
1.184
2.184
-0.816
3.184
5.184
6.184
4.184
1.184
-0.816
-3.816
-1.816
4.184
4.184
4.184
4.184
2.184
-0.816
2.184
1.184
-0.816
2.184
-0.816
-0.816
-3.816
0.184
0.184
1.184
0.184
1.184
-0.816
2.184
1.184
-0.816
-2.816
-0.816
2.184
0.184
3.184

