3.293
3.293
1.293
1.293
-0.707
-0.707
-4.707
-5.707
-5.707
0.293
2.293
3.293
4.293
2.293
2.293
1.293
-2.707
1.293
-3.707
-2.707
1.293
0.293
-1.707
-1.707
-2.707
-0.707
-4.707
1.293
2.293
4.293
5.293
4.293
4.293
2.293
-1.707
-0.707
-0.707
-0.707
-4.707
-3.707
-1.707
0.293
2.293
3.293
3.293
-3.707
-2.707
1.293
3.293
3.293
2.293
0.293
0.293
-1.707
-0.707
-0.707
4.293
5.293
3.293
-1.707
-2.707
0.293
-1.707
0.293
-1.707
-0.707
-0.707
2.293
3.293
0.293
-6.707
-7.707
-0.707
3.293
5.293
2.293
0.293
1.293
-0.707
1.293
-0.707
-2.707
-1.707
-1.707
1.293
0.293
0.293
1.293
1.293
5.293
6.293
5.293
3.293
0.293
-3.707
-4.707
-6.707
-4.707
-2.707
1.293
0.293
-0.707
0.293
0.293
-0.707
-0.707
-2.707
-1.707
-0.707
0.293
-0.707
1.293
1.293
4.293
2.293
1.293
-0.707
-1.707
3.293
6.293
3.293
-0.707
-1.707
-0.707
-5.707
-7.707
-5.707
-2.707
0.293
1.293
3.293
11.293
9.293
8.293
7.293
8.293
12.293
11.293
10.293
9.293
8.293
7.293
7.293
5.293
5.293
6.293
5.293
4.293
3.293
3.293
2.293
4.293
6.293
6.293
6.293
1.293
-3.707
-5.707
-2.707
-0.707
-1.707
-0.707
0.293
5.293
4.293
2.293
0.293
4.293
1.293
-0.707
-2.707
-1.707
1.293
-3.707
-4.707
0.293
-3.707
-5.707
-1.707
-0.707
-0.707
-2.707
-8.707
-4.707
1.293
3.293
0.293
4.293
2.293
-2.707
-4.707
-3.707
-2.707
1.293
-2.707
-1.707
-3.707
-5.707
-4.707
-1.707
-3.707
-3.707
-5.707
-3.707
-4.707
-6.707
-8.707
-7.707
-2.707
-2.707
-2.707
-3.707
-2.707
0.293
-1.707
-2.707
-9.707
-7.707
-6.707
-5.707
-5.707
-5.707
-3.707
-3.707
-1.707
-1.707
-3.707
-4.707
-4.707
-3.707
-5.707
-4.707
-4.707
-4.707
-3.707
-0.707
1.293
4.293
3.293
2.293
3.293
2.293
-2.707
-4.707
-5.707
-3.707
-5.707
-6.707
-5.707
-4.707
-2.707
0.293
0.293
-0.707
-4.707
1.293
0.293
-0.707
-2.707
-4.707
-6.707
-7.707
-2.707
-3.707
-3.707
-5.707
-4.707
-2.707
-2.707
1.293
3.293
4.293
3.293
0.293
2.293
1.293
-2.707
-0.707
-3.707
-6.707
-3.707
-3.707
-4.707
-0.707
1.293
1.293
2.293
1.293
1.293
2.293
1.293
4.293
4.293
4.293
0.293
1.293
0.293
0.293
0.293
-2.707
-3.707
-6.707
-4.707
-3.707
-2.707
-1.707
-2.707
-2.707
1.293
0.293
2.293
-1.707
-3.707
-3.707
0.293
4.293
1.293
2.293
0.293
-0.707
-0.707
-1.707
-1.707
-4.707
-6.707
-4.707
-3.707
-0.707
0.293
-1.707
-2.707
-2.707
-2.707
-1.707
0.293
4.293
1.293
-0.707
-2.707
0.293
-0.707
-0.707
-3.707
-2.707
-2.707
-2.707
-4.707
-0.707
1.293
-0.707
-0.707
2.293
5.293
1.293
-1.707
1.293
-1.707
-5.707
1.293
2.293
4.293
3.293
-1.707
-1.707
-0.707
0.293
2.293
2.293
-1.707
-1.707
-1.707
3.293
6.293
2.293
-1.707
-2.707
-0.707
-1.707
-2.707
-0.707
-0.707
-0.707
0.293
-0.707
2.293
2.293
3.293
1.293
1.293
-0.707
2.293
1.293
-0.707
-0.707
1.293
2.293
4.293
0.293
2.293
2.293
2.293
1.293
0.293
-0.707
3.293
0.293
-0.707
-0.707
-0.707
2.293
1.293
-2.707
-0.707
1.293
2.293
3.293
1.293
-0.707
-0.707
-1.707
-1.707
-1.707
2.293
3.293
-1.707
2.293
4.293
3.293
4.293
3.293
2.293
0.293
-1.707
-2.707
-2.707
-3.707
-3.707
-2.707
-0.707
0.293
-1.707
1.293
0.293
-5.707
-4.707
-1.707
0.293
-0.707
0.293
2.293
2.293
5.293
3.293
3.293
4.293
0.293
2.293
3.293
-2.707
-3.707
-3.707
4.293
3.293
-2.707
-0.707
-1.707
-4.707
-3.707
-2.707
-1.707
1.293
0.293
4.293
1.293
-2.707
-3.707
0.293
1.293
-1.707
-2.707
-1.707
-2.707
-1.707
2.293
3.293
3.293
0.293
3.293
6.293
3.293
0.293
-1.707
-0.707
1.293
0.293
-3.707
-4.707
-5.707
-0.707
-1.707
3.293
4.293
3.293
2.293
3.293
5.293
2.293
-2.707
-0.707
1.293
2.293
-0.707
-0.707
0.293
2.293
3.293
3.293
2.293
2.293
2.293
1.293
1.293
-1.707
-0.707
1.293
3.293
-0.707
0.293
0.293
1.293
0.293
2.293
3.293
3.293
2.293
2.293
4.293
4.293
-1.707
-2.707
-3.707
0.293
-0.707
-5.707
-2.707
-0.707
1.293
0.293
3.293
4.293
3.293
2.293
2.293
4.293
3.293
0.293
1.293
0.293
-1.707
-0.707
-1.707
-1.707
-1.707
-2.707
-1.707
1.293
-2.707
-3.707
-3.707
0.293
-0.707
-0.707
-1.707
1.293
3.293
4.293
0.293
2.293
5.293
6.293
5.293
3.293
3.293
0.293
0.293
-1.707
4.293
3.293
0.293
-2.707
-1.707
-1.707
-0.707
-0.707
0.293
1.293
0.293
-1.707
0.293
0.293
1.293
1.293
-0.707
1.293
1.293
3.293
-0.707
-0.707
-2.707
-2.707
0.293
0.293
1.293
2.293
1.293
4.293
6.293
5.293
1.293
-1.707
1.293
3.293
1.293
2.293
2.293
-1.707
-4.707
-1.707
1.293
0.293
-0.707
0.293
0.293
-1.707
-1.707
1.293
1.293
-0.707
1.293
0.293
0.293
-1.707
-2.707
-0.707
2.293
4.293
5.293
2.293
0.293
-0.707
1.293
3.293
0.293
-4.707
-3.707
-3.707
-5.707
-7.707
-1.707
5.293
7.293
6.293
5.293
1.293
-0.707
-2.707
-1.707
-4.707
-3.707
1.293
5.293
0.293
2.293
3.293
2.293
0.293
5.293
6.293
5.293
6.293
3.293
3.293
1.293
-1.707
-4.707
-1.707
0.293
1.293
-3.707
-6.707
-3.707
1.293
2.293
5.293
1.293
2.293
-1.707
2.293
-0.707
0.293
0.293
0.293
3.293
3.293
1.293
-1.707
-4.707
-1.707
-3.707
-2.707
-1.707
2.293
4.293
4.293
3.293
-1.707
-2.707
-4.707
-3.707
-1.707
0.293
0.293
-1.707
-2.707
-0.707
0.293
1.293
3.293
-1.707
-2.707
0.293
0.293
1.293
1.293
-0.707
0.293
0.293
-1.707
-1.707
2.293
4.293
4.293
2.293
-2.707
-3.707
-1.707
4.293
6.293
3.293
0.293
-1.707
2.293
5.293
4.293
0.293
2.293
-3.707
-5.707
-3.707
-0.707
-1.707
-0.707
2.293
0.293
0.293
-0.707
1.293
3.293
1.293
-2.707
-0.707
-0.707
1.293
0.293
0.293
1.293
3.293
2.293
-0.707
-3.707
-3.707
-3.707
-1.707
0.293
3.293
4.293
-1.707
-0.707
-2.707
-0.707
-0.707
-0.707
3.293
4.293
-1.707
-5.707
-2.707
-1.707
-3.707
-3.707
-1.707
-1.707
0.293
1.293
-0.707
0.293
1.293
0.293
3.293
2.293
2.293
1.293
-0.707
-0.707
-1.707
-0.707
0.293
0.293
-4.707
-4.707
-4.707
-7.707
-4.707
0.293
0.293
-2.707
-1.707
2.293
3.293
6.293
2.293
3.293
6.293
6.293
4.293
1.293
2.293
0.293
-4.707
-3.707
-4.707
-4.707
-3.707
-1.707
-0.707
-0.707
2.293
5.293
4.293
4.293
5.293
3.293
-0.707
-6.707
-6.707
-3.707
-3.707
1.293
1.293
0.293
0.293
1.293
-3.707
-1.707
-4.707
-5.707
-4.707
-4.707
-0.707
1.293
2.293
3.293
3.293
4.293
7.293
4.293
3.293
0.293
3.293
1.293
-2.707
-5.707
-1.707
-1.707
-4.707
-4.707
-2.707
-2.707
-3.707
0.293
1.293
0.293
-1.707
0.293
-3.707
1.293
6.293
4.293
0.293
-1.707
-0.707
-3.707
-2.707
-1.707
-2.707
-3.707
-0.707
3.293
0.293
0.293
-0.707
4.293
4.293
-0.707
-2.707
-1.707
2.293
3.293
1.293
-2.707
-3.707
-3.707
0.293
0.293
-0.707
1.293
1.293
0.293
-1.707
-1.707
-2.707
-0.707
1.293
2.293
1.293
0.293
2.293
4.293
1.293
2.293
5.293
5.293
3.293
4.293
4.293
6.293
1.293
-1.707
-3.707
-1.707
0.293
-0.707
-3.707
-2.707
-1.707
-3.707
-4.707
-0.707
4.293
2.293
2.293
2.293
2.293
-1.707
-3.707
-5.707
-0.707
3.293
2.293
0.293
-2.707
-3.707
2.293
0.293
1.293
3.293
3.293
0.293
3.293
0.293
-2.707
-0.707
3.293
1.293
-0.707
-3.707
0.293
-0.707
-1.707
-2.707
-1.707
-4.707
-0.707
0.293
2.293
2.293
4.293
4.293
2.293
2.293
-0.707
1.293
0.293
0.293
0.293
4.293
5.293
2.293
2.293
3.293
5.293
1.293
-1.707
-3.707
-3.707
-3.707
-4.707
-3.707
-4.707
-1.707
0.293
1.293
-0.707
-1.707
