-3.2672
-1.2672
-2.2672
-1.2672
-3.2672
-2.2672
-4.2672
-3.2672
-0.2672
-1.2672
0.7328
-2.2672
-1.2672
-4.2672
-1.2672
-4.2672
-4.2672
-0.2672
-1.2672
-1.2672
-2.2672
-1.2672
-1.2672
-0.2672
-0.2672
-2.2672
-7.2672
-3.2672
1.7328
0.7328
2.7328
3.7328
2.7328
-1.2672
-3.2672
-3.2672
-3.2672
-3.2672
-2.2672
-5.2672
-4.2672
-1.2672
1.7328
-3.2672
-6.2672
-7.2672
-2.2672
-1.2672
1.7328
2.7328
-0.2672
-0.2672
-1.2672
0.7328
2.7328
2.7328
5.7328
4.7328
1.7328
1.7328
2.7328
3.7328
2.7328
0.7328
5.7328
2.7328
0.7328
3.7328
2.7328
0.7328
-0.2672
5.7328
3.7328
3.7328
2.7328
2.7328
3.7328
4.7328
5.7328
2.7328
0.7328
6.7328
5.7328
6.7328
5.7328
3.7328
1.7328
-3.2672
-2.2672
0.7328
3.7328
4.7328
-0.2672
-1.2672
-6.2672
-3.2672
0.7328
5.7328
11.7328
9.7328
5.7328
4.7328
6.7328
6.7328
1.7328
2.7328
0.7328
2.7328
3.7328
6.7328
6.7328
5.7328
4.7328
2.7328
2.7328
5.7328
8.7328
7.7328
1.7328
1.7328
4.7328
6.7328
4.7328
1.7328
-1.2672
-4.2672
-4.2672
0.7328
2.7328
7.7328
8.7328
12.7328
17.7328
16.7328
16.7328
15.7328
17.7328
20.7328
25.7328
28.7328
32.7328
34.7328
32.7328
35.7328
29.7328
30.7328
32.7328
30.7328
28.7328
26.7328
22.7328
21.7328
18.7328
18.7328
21.7328
18.7328
14.7328
14.7328
10.7328
8.7328
5.7328
4.7328
6.7328
7.7328
8.7328
6.7328
2.7328
1.7328
2.7328
4.7328
3.7328
3.7328
0.7328
-0.2672
0.7328
2.7328
4.7328
6.7328
2.7328
0.7328
-1.2672
-4.2672
-0.2672
0.7328
-3.2672
-4.2672
-7.2672
-5.2672
-1.2672
-2.2672
-3.2672
-6.2672
-8.2672
-6.2672
-12.2672
-9.2672
-3.2672
-0.2672
-1.2672
-1.2672
-1.2672
-4.2672
-7.2672
-8.2672
-7.2672
-7.2672
-5.2672
-6.2672
-5.2672
-8.2672
-7.2672
-4.2672
-3.2672
-5.2672
-7.2672
-5.2672
-5.2672
-4.2672
-5.2672
-9.2672
-6.2672
-5.2672
-6.2672
-6.2672
-7.2672
-6.2672
-4.2672
-6.2672
-6.2672
-4.2672
-5.2672
-9.2672
-9.2672
-7.2672
-6.2672
-4.2672
-4.2672
-5.2672
-11.2672
-12.2672
-7.2672
-2.2672
-4.2672
-4.2672
-2.2672
0.7328
0.7328
-4.2672
-5.2672
-4.2672
-1.2672
-6.2672
-12.2672
-8.2672
-6.2672
-5.2672
-7.2672
-7.2672
-5.2672
-6.2672
-3.2672
-0.2672
-3.2672
-5.2672
-6.2672
0.7328
2.7328
0.7328
-2.2672
-2.2672
-1.2672
-0.2672
-3.2672
-2.2672
-0.2672
-4.2672
-3.2672
-5.2672
-6.2672
-3.2672
-0.2672
-0.2672
-2.2672
-2.2672
1.7328
-0.2672
-1.2672
-2.2672
-4.2672
-4.2672
-6.2672
-5.2672
-3.2672
-2.2672
-2.2672
-0.2672
0.7328
1.7328
2.7328
2.7328
3.7328
1.7328
-0.2672
-2.2672
-1.2672
1.7328
-4.2672
-1.2672
0.7328
3.7328
0.7328
-0.2672
0.7328
-0.2672
1.7328
0.7328
-0.2672
-1.2672
0.7328
-4.2672
-4.2672
-4.2672
-5.2672
-4.2672
-1.2672
-0.2672
-2.2672
1.7328
-1.2672
-2.2672
-0.2672
1.7328
2.7328
0.7328
0.7328
1.7328
3.7328
3.7328
2.7328
3.7328
3.7328
3.7328
1.7328
1.7328
1.7328
-3.2672
-4.2672
-3.2672
-3.2672
0.7328
-3.2672
-1.2672
0.7328
-3.2672
-8.2672
-3.2672
-1.2672
-1.2672
1.7328
3.7328
0.7328
0.7328
0.7328
2.7328
-0.2672
-3.2672
1.7328
2.7328
6.7328
7.7328
8.7328
4.7328
5.7328
3.7328
3.7328
3.7328
3.7328
5.7328
1.7328
-2.2672
-4.2672
-5.2672
-2.2672
0.7328
1.7328
0.7328
-0.2672
1.7328
4.7328
5.7328
3.7328
1.7328
2.7328
-1.2672
-1.2672
-0.2672
0.7328
3.7328
-0.2672
0.7328
3.7328
5.7328
3.7328
2.7328
2.7328
3.7328
4.7328
2.7328
3.7328
-0.2672
-2.2672
-1.2672
2.7328
3.7328
4.7328
5.7328
1.7328
-0.2672
-1.2672
-2.2672
-4.2672
-3.2672
1.7328
3.7328
2.7328
3.7328
1.7328
1.7328
0.7328
-0.2672
-1.2672
1.7328
2.7328
2.7328
0.7328
0.7328
-0.2672
-1.2672
-2.2672
-2.2672
-0.2672
-0.2672
1.7328
2.7328
5.7328
4.7328
3.7328
1.7328
-3.2672
-2.2672
-2.2672
1.7328
2.7328
2.7328
3.7328
4.7328
0.7328
-3.2672
-4.2672
-4.2672
0.7328
3.7328
4.7328
3.7328
5.7328
0.7328
-2.2672
1.7328
1.7328
-1.2672
-1.2672
-1.2672
0.7328
-1.2672
-4.2672
-5.2672
-6.2672
-3.2672
-3.2672
-1.2672
0.7328
2.7328
2.7328
4.7328
3.7328
6.7328
6.7328
1.7328
-1.2672
2.7328
0.7328
-0.2672
4.7328
3.7328
1.7328
-2.2672
-7.2672
-5.2672
-2.2672
-2.2672
-3.2672
0.7328
2.7328
0.7328
0.7328
-0.2672
0.7328
2.7328
4.7328
6.7328
2.7328
-2.2672
-3.2672
-2.2672
-1.2672
1.7328
0.7328
0.7328
-1.2672
0.7328
2.7328
1.7328
4.7328
-1.2672
-1.2672
0.7328
0.7328
4.7328
2.7328
0.7328
1.7328
3.7328
4.7328
1.7328
-1.2672
-1.2672
1.7328
-2.2672
-3.2672
0.7328
-0.2672
1.7328
3.7328
3.7328
2.7328
1.7328
-0.2672
0.7328
-1.2672
1.7328
-0.2672
-3.2672
-4.2672
2.7328
3.7328
7.7328
4.7328
4.7328
3.7328
0.7328
-0.2672
2.7328
-0.2672
-0.2672
-0.2672
0.7328
-3.2672
-5.2672
-0.2672
0.7328
-2.2672
-0.2672
0.7328
-3.2672
-2.2672
-1.2672
0.7328
2.7328
1.7328
2.7328
2.7328
2.7328
0.7328
1.7328
3.7328
3.7328
3.7328
2.7328
0.7328
-2.2672
-4.2672
-5.2672
-7.2672
-3.2672
-0.2672
0.7328
1.7328
1.7328
-1.2672
1.7328
-2.2672
-4.2672
-2.2672
-3.2672
-1.2672
2.7328
3.7328
3.7328
0.7328
-1.2672
-2.2672
1.7328
3.7328
-3.2672
-1.2672
1.7328
-3.2672
-4.2672
-3.2672
-3.2672
0.7328
3.7328
0.7328
0.7328
3.7328
4.7328
2.7328
3.7328
0.7328
-0.2672
0.7328
-2.2672
-2.2672
-4.2672
-6.2672
-3.2672
-1.2672
-1.2672
-0.2672
2.7328
-1.2672
-3.2672
-0.2672
2.7328
1.7328
-1.2672
-4.2672
-0.2672
-0.2672
0.7328
-2.2672
-3.2672
-2.2672
-1.2672
-2.2672
-3.2672
-4.2672
-2.2672
1.7328
4.7328
4.7328
3.7328
3.7328
2.7328
-0.2672
-0.2672
0.7328
0.7328
-0.2672
0.7328
-2.2672
-5.2672
-3.2672
-1.2672
-3.2672
1.7328
3.7328
-1.2672
-0.2672
-1.2672
0.7328
-2.2672
2.7328
6.7328
-3.2672
-1.2672
-1.2672
-4.2672
-3.2672
-4.2672
-3.2672
-5.2672
-6.2672
-4.2672
-1.2672
1.7328
5.7328
3.7328
1.7328
0.7328
-5.2672
-2.2672
-0.2672
-2.2672
0.7328
2.7328
-1.2672
1.7328
2.7328
-2.2672
-5.2672
-3.2672
-1.2672
-0.2672
0.7328
0.7328
-2.2672
-0.2672
1.7328
-1.2672
-2.2672
-0.2672
-2.2672
-4.2672
-4.2672
-2.2672
1.7328
2.7328
-0.2672
-3.2672
-4.2672
-6.2672
-5.2672
-1.2672
-4.2672
-3.2672
-2.2672
-2.2672
-3.2672
-2.2672
-0.2672
0.7328
-0.2672
-0.2672
0.7328
2.7328
4.7328
1.7328
1.7328
1.7328
1.7328
-1.2672
-3.2672
-5.2672
-3.2672
-3.2672
-8.2672
-6.2672
-5.2672
-4.2672
-3.2672
-3.2672
-5.2672
-7.2672
-2.2672
-1.2672
2.7328
6.7328
7.7328
6.7328
5.7328
-0.2672
-1.2672
-2.2672
-3.2672
-2.2672
-2.2672
-1.2672
0.7328
-2.2672
-5.2672
-6.2672
-4.2672
1.7328
5.7328
2.7328
0.7328
2.7328
-0.2672
-0.2672
-1.2672
-7.2672
-7.2672
-2.2672
1.7328
-0.2672
-3.2672
-2.2672
-2.2672
-2.2672
1.7328
2.7328
3.7328
5.7328
3.7328
2.7328
3.7328
1.7328
-0.2672
-3.2672
-3.2672
2.7328
1.7328
2.7328
-1.2672
-2.2672
-4.2672
-3.2672
-2.2672
-2.2672
-2.2672
-2.2672
-3.2672
-1.2672
1.7328
2.7328
2.7328
1.7328
2.7328
2.7328
-1.2672
-3.2672
-2.2672
-2.2672
0.7328
-2.2672
-2.2672
-2.2672
2.7328
1.7328
3.7328
2.7328
-0.2672
-1.2672
-4.2672
-1.2672
0.7328
-1.2672
-3.2672
-5.2672
-3.2672
-3.2672
-3.2672
-1.2672
-0.2672
-1.2672
0.7328
-2.2672
-0.2672
2.7328
2.7328
-0.2672
2.7328
-4.2672
-3.2672
-4.2672
-2.2672
-2.2672
-2.2672
-5.2672
-5.2672
-0.2672
-0.2672
0.7328
-0.2672
-4.2672
-3.2672
-4.2672
-5.2672
1.7328
1.7328
1.7328
-0.2672
-2.2672
0.7328
-4.2672
-4.2672
-2.2672
-0.2672
1.7328
1.7328
-0.2672
-0.2672
1.7328
1.7328
0.7328
-1.2672
-1.2672
-0.2672
-1.2672
-4.2672
-5.2672
-4.2672
0.7328
-0.2672
-1.2672
1.7328
1.7328
-2.2672
-2.2672
-1.2672
-0.2672
-4.2672
-2.2672
-3.2672
-3.2672
-1.2672
-5.2672
-3.2672
-0.2672
-3.2672
0.7328
0.7328
1.7328
1.7328
-2.2672
-2.2672
-1.2672
-2.2672
-4.2672
-6.2672
-1.2672
-0.2672
-4.2672
-2.2672
-0.2672
0.7328
0.7328
1.7328
0.7328
-1.2672
-1.2672
1.7328
3.7328
2.7328
-0.2672
-2.2672
-3.2672
-4.2672
-5.2672
-2.2672
0.7328
-0.2672
-2.2672
-4.2672
-4.2672
0.7328
2.7328
-6.2672
-4.2672
-2.2672
-1.2672
2.7328
4.7328
3.7328
1.7328
-1.2672
-1.2672
0.7328
-1.2672
-4.2672
-6.2672
-3.2672
-3.2672
-4.2672
-2.2672
-1.2672
-1.2672
0.7328
-0.2672
0.7328
-2.2672
-0.2672
2.7328
0.7328
0.7328
-2.2672
-2.2672
-4.2672
-3.2672
-5.2672
-3.2672
-2.2672
-2.2672
-2.2672
1.7328
4.7328
2.7328
2.7328
0.7328
-2.2672
-0.2672
2.7328
-1.2672
2.7328
1.7328
-2.2672
0.7328
0.7328
1.7328
1.7328
-1.2672
-2.2672
-2.2672
-1.2672
-2.2672
0.7328
5.7328
3.7328
-0.2672
-7.2672
-7.2672
-5.2672
-3.2672
