# mu1 mu2 m2-m1 sigma1 b sigmab
2796.32 5606.71 2810.39 568.12 2.5606 366.756 7.62
2796.32 5606.71 2810.39 568.12 2.5606 366.756 7.62
2796.32 5606.71 2810.39 568.12 2.5606 366.756 7.62
2796.32 5606.71 2810.39 568.12 2.5606 366.756 7.62
2796.32 5606.71 2810.39 568.12 2.5606 366.756 7.62
2805.6 5586.15 2780.55 589.072 13.0204 394.047 7.12
479.867 374.348 -105.519 33.8748 560.585 2.35029 204.17
2839.21 5619.48 2780.27 585.516 10.187 377.33 7.52
5616.21 2800.25 -2815.96 54.0002 28257.7 89504.6 0.06
5616.21 2800.25 -2815.96 54.0002 28257.7 89504.6 0.06
5616.21 2800.25 -2815.96 54.0002 28257.7 89504.6 0.06
2816.98 5575.36 2758.38 648.846 14.4798 388.823 7.24
2816.98 5575.36 2758.38 648.846 14.4798 388.823 7.24
2016.32 5855.99 3839.67 1885.21 6709.9 2395.16 0.84
18.0701 2800.94 2782.87 389.721 3548.74 25.1293 0.72
2816.98 5575.36 2758.38 648.846 14.4798 388.823 7.24
