
Computing waveform...
0 out of 12921200 out of 12921400 out of 12921600 out of 12921800 out of 129211000 out of 129211200 out of 129211400 out of 129211600 out of 129211800 out of 129212000 out of 129212200 out of 129212400 out of 129212600 out of 129212800 out of 129213000 out of 129213200 out of 129213400 out of 129213600 out of 129213800 out of 129214000 out of 129214200 out of 129214400 out of 129214600 out of 129214800 out of 129215000 out of 129215200 out of 129215400 out of 129215600 out of 129215800 out of 129216000 out of 129216200 out of 129216400 out of 129216600 out of 129216800 out of 129217000 out of 129217200 out of 129217400 out of 129217600 out of 129217800 out of 129218000 out of 129218200 out of 129218400 out of 129218600 out of 129218800 out of 129219000 out of 129219200 out of 129219400 out of 129219600 out of 129219800 out of 1292110000 out of 1292110200 out of 1292110400 out of 1292110600 out of 1292110800 out of 1292111000 out of 1292111200 out of 1292111400 out of 1292111600 out of 1292111800 out of 1292112000 out of 1292112200 out of 1292112400 out of 1292112600 out of 1292112800 out of 12921
5534 events found. 
Valid SPEs = 1992
0 out of 1992200 out of 1992400 out of 1992600 out of 1992800 out of 19921000 out of 19921200 out of 19921400 out of 19921600 out of 19921800 out of 1992
0 out of 5654200 out of 5654400 out of 5654600 out of 5654800 out of 56541000 out of 56541200 out of 56541400 out of 56541600 out of 56541800 out of 56542000 out of 56542200 out of 56542400 out of 56542600 out of 56542800 out of 56543000 out of 56543200 out of 56543400 out of 5654
Found 668 waveforms
 **********
 **    1 **SET ERR           1
 **********
 PARAMETER DEFINITIONS:
    NO.   NAME         VALUE      STEP SIZE      LIMITS
     1 A            1.00000e+03  1.00000e+02    1.00000e+02  5.00000e+03
     2 fp           3.00000e-01  1.00000e-01    0.00000e+00  1.00000e+00
     3 tau_fast     3.00000e+01  5.00000e+00    5.00000e+00  5.00000e+01
     4 tau_slow     1.40000e+03  2.00000e+02    5.00000e+02  3.00000e+03
 **********
 **    2 **SET PRI           1
 **********
 **********
 **    3 **MIGRAD       1e+04        0.01
 **********
 FIRST CALL TO USER FUNCTION AT NEW START POINT, WITH IFLAG=4.
1, 404204, 1000, 0.3, 30, 1400
 START MIGRAD MINIMIZATION.  STRATEGY  1.  CONVERGENCE WHEN EDM .LT. 1.00e-05
2, 495904, 1031.29, 0.3, 30, 1400
3, 323496, 969.123, 0.3, 30, 1400
4, 412874, 1003.11, 0.3, 30, 1400
5, 395645, 996.893, 0.3, 30, 1400
6, 604569, 1000, 0.331896, 30, 1400
7, 258398, 1000, 0.269046, 30, 1400
8, 421726, 1000, 0.30315, 30, 1400
9, 387229, 1000, 0.29686, 30, 1400
10, 378372, 1000, 0.3, 31.5585, 1400
11, 434388, 1000, 0.3, 28.4292, 1400
12, 401438, 1000, 0.3, 30.1565, 1400
13, 407014, 1000, 0.3, 29.8433, 1400
14, 372867, 1000, 0.3, 30, 1462.9
15, 440479, 1000, 0.3, 30, 1338.05
16, 400857, 1000, 0.3, 30, 1406.25
17, 407601, 1000, 0.3, 30, 1393.76
 FCN=404204 FROM MIGRAD    STATUS=INITIATE       16 CALLS          17 TOTAL
                     EDM= unknown      STRATEGY= 1      NO ERROR MATRIX       
  EXT PARAMETER               CURRENT GUESS       STEP         FIRST   
  NO.   NAME      VALUE            ERROR          SIZE      DERIVATIVE 
   1  A            1.00000e+03   1.00000e+02   5.27783e-02   5.25765e+06
   2  fp           3.00000e-01   1.00000e-01   2.21072e-01   2.51335e+06
   3  tau_fast     3.00000e+01   5.00000e+00   2.25589e-01  -3.98110e+05
   4  tau_slow     1.40000e+03   2.00000e+02   1.67654e-01  -6.47906e+05
18, 179916, 769.812, 0.206148, 39.4808, 1839.6
19, 21319.2, 863.171, 0.244149, 35.686, 1653.03
20, 21297.9, 863.462, 0.244149, 35.686, 1653.03
21, 21341, 862.88, 0.244149, 35.686, 1653.03
22, 21316.4, 863.209, 0.244149, 35.686, 1653.03
23, 21322, 863.133, 0.244149, 35.686, 1653.03
24, 21236.2, 863.171, 0.244444, 35.686, 1653.03
25, 21405.2, 863.171, 0.243855, 35.686, 1653.03
26, 21310.7, 863.171, 0.244179, 35.686, 1653.03
27, 21327.6, 863.171, 0.24412, 35.686, 1653.03
28, 21320.1, 863.171, 0.244149, 35.7007, 1653.03
29, 21318.3, 863.171, 0.244149, 35.6713, 1653.03
30, 21319.7, 863.171, 0.244149, 35.6943, 1653.03
31, 21318.7, 863.171, 0.244149, 35.6777, 1653.03
32, 21356.9, 863.171, 0.244149, 35.686, 1653.68
33, 21281.6, 863.171, 0.244149, 35.686, 1652.39
34, 21329.8, 863.171, 0.244149, 35.686, 1653.22
35, 21308.6, 863.171, 0.244149, 35.686, 1652.85
36, 18803, 864.497, 0.246835, 35.8276, 1613.78
37, 17510.4, 866.524, 0.250956, 36.0432, 1554.11
38, 17493.6, 866.36, 0.250622, 36.0259, 1558.9
39, 17498.9, 866.395, 0.250622, 36.0259, 1558.9
40, 17488.2, 866.326, 0.250622, 36.0259, 1558.9
41, 17495.2, 866.36, 0.250638, 36.0259, 1558.9
42, 17491.9, 866.36, 0.250607, 36.0259, 1558.9
43, 17489.2, 866.36, 0.250622, 36.0333, 1558.9
44, 17497.9, 866.36, 0.250622, 36.0184, 1558.9
45, 17495.1, 866.36, 0.250622, 36.0259, 1559.07
46, 17492, 866.36, 0.250622, 36.0259, 1558.74
47, 15837.2, 857.832, 0.251475, 36.2791, 1524.8
48, 10325.5, 824.111, 0.254893, 37.2785, 1390.35
49, 6007.28, 742.622, 0.263506, 39.6703, 1076.96
50, 5622.53, 757.029, 0.261944, 39.2509, 1130.39
51, 5625.45, 757.047, 0.261944, 39.2509, 1130.39
52, 5619.62, 757.012, 0.261944, 39.2509, 1130.39
53, 5621.86, 757.029, 0.261953, 39.2509, 1130.39
54, 5623.2, 757.029, 0.261935, 39.2509, 1130.39
55, 5623.48, 757.029, 0.261944, 39.2543, 1130.39
56, 5621.58, 757.029, 0.261944, 39.2476, 1130.39
57, 5623.96, 757.029, 0.261944, 39.2559, 1130.39
58, 5621.11, 757.029, 0.261944, 39.2459, 1130.39
59, 5619.31, 757.029, 0.261944, 39.2509, 1130.46
60, 5625.75, 757.029, 0.261944, 39.2509, 1130.32
61, 3774.77, 739.297, 0.263973, 39.2376, 1137.11
62, 3761.42, 737.806, 0.264145, 39.2364, 1137.68
63, 3761.12, 737.819, 0.264145, 39.2364, 1137.68
64, 3761.72, 737.792, 0.264145, 39.2364, 1137.68
65, 3759.43, 737.806, 0.264154, 39.2364, 1137.68
66, 3763.4, 737.806, 0.264136, 39.2364, 1137.68
67, 3763.65, 737.806, 0.264145, 39.2405, 1137.68
68, 3759.19, 737.806, 0.264145, 39.2324, 1137.68
69, 3761.68, 737.806, 0.264145, 39.2364, 1137.73
70, 3761.16, 737.806, 0.264145, 39.2364, 1137.64
71, 3109.73, 729.343, 0.267898, 39.2542, 1117.85
72, 2373.31, 707.108, 0.277943, 39.3013, 1066.23
73, 2373.07, 707.118, 0.277943, 39.3013, 1066.23
74, 2373.55, 707.097, 0.277943, 39.3013, 1066.23
75, 2372.77, 707.108, 0.277951, 39.3013, 1066.23
76, 2373.85, 707.108, 0.277936, 39.3013, 1066.23
77, 2374.58, 707.108, 0.277943, 39.3051, 1066.23
78, 2372.03, 707.108, 0.277943, 39.2976, 1066.23
79, 2373.16, 707.108, 0.277943, 39.3013, 1066.27
80, 2373.46, 707.108, 0.277943, 39.3013, 1066.2
81, 1966.58, 718.085, 0.280418, 38.7103, 1112.38
82, 1966.65, 718.095, 0.280418, 38.7103, 1112.38
83, 1966.51, 718.076, 0.280418, 38.7103, 1112.38
84, 1966.65, 718.085, 0.280425, 38.7103, 1112.38
85, 1966.51, 718.085, 0.280411, 38.7103, 1112.38
86, 1966.92, 718.085, 0.280418, 38.7135, 1112.38
87, 1966.24, 718.085, 0.280418, 38.7071, 1112.38
88, 1966.57, 718.085, 0.280418, 38.7103, 1112.41
89, 1966.6, 718.085, 0.280418, 38.7103, 1112.34
90, 1957.46, 716.896, 0.280571, 38.6658, 1110.75
91, 1951.75, 714.948, 0.280821, 38.5928, 1108.1
92, 1951.67, 714.957, 0.280821, 38.5928, 1108.1
93, 1951.83, 714.939, 0.280821, 38.5928, 1108.1
94, 1951.75, 714.948, 0.280828, 38.5928, 1108.1
95, 1951.74, 714.948, 0.280815, 38.5928, 1108.1
96, 1952.1, 714.948, 0.280821, 38.5955, 1108.1
97, 1951.4, 714.948, 0.280821, 38.59, 1108.1
98, 1951.85, 714.948, 0.280821, 38.5928, 1108.13
99, 1951.65, 714.948, 0.280821, 38.5928, 1108.06
100, 1935.07, 714.788, 0.280606, 38.4625, 1107.43
101, 1873.72, 714.148, 0.279744, 37.9365, 1104.79
102, 1763.62, 712.55, 0.277592, 36.5902, 1098.2
103, 1737.74, 710.506, 0.274843, 34.8074, 1089.79
104, 1729.55, 711.119, 0.275667, 35.3483, 1092.31
105, 1729.64, 711.127, 0.275667, 35.3483, 1092.31
106, 1729.46, 711.11, 0.275667, 35.3483, 1092.31
107, 1729.76, 711.119, 0.275673, 35.3483, 1092.31
108, 1729.34, 711.119, 0.27566, 35.3483, 1092.31
109, 1729.38, 711.119, 0.275667, 35.3512, 1092.31
110, 1729.72, 711.119, 0.275667, 35.3455, 1092.31
111, 1729.52, 711.119, 0.275667, 35.3483, 1092.34
112, 1729.58, 711.119, 0.275667, 35.3483, 1092.28
113, 1693.96, 710.297, 0.273246, 34.9783, 1085.68
114, 1693.07, 710.151, 0.272817, 34.9125, 1084.51
115, 1693.08, 710.16, 0.272817, 34.9125, 1084.51
116, 1693.05, 710.142, 0.272817, 34.9125, 1084.51
117, 1693.07, 710.151, 0.272823, 34.9125, 1084.51
118, 1693.06, 710.151, 0.272811, 34.9125, 1084.51
119, 1693.08, 710.151, 0.272817, 34.9148, 1084.51
120, 1693.06, 710.151, 0.272817, 34.9102, 1084.51
121, 1693.05, 710.151, 0.272817, 34.9125, 1084.54
122, 1693.09, 710.151, 0.272817, 34.9125, 1084.48
123, 1692.5, 709.942, 0.272577, 34.769, 1084.59
124, 1692.5, 709.951, 0.272577, 34.769, 1084.59
125, 1692.5, 709.933, 0.272577, 34.769, 1084.59
126, 1692.5, 709.942, 0.272583, 34.769, 1084.59
127, 1692.5, 709.942, 0.272571, 34.769, 1084.59
128, 1692.5, 709.942, 0.272577, 34.7713, 1084.59
129, 1692.5, 709.942, 0.272577, 34.7667, 1084.59
130, 1692.5, 709.942, 0.272577, 34.769, 1084.62
131, 1692.5, 709.942, 0.272577, 34.769, 1084.56
132, 1692.49, 709.947, 0.272601, 34.7849, 1084.74
133, 1692.49, 709.946, 0.272597, 34.7822, 1084.71
134, 1692.49, 709.955, 0.272597, 34.7822, 1084.71
135, 1692.49, 709.938, 0.272597, 34.7822, 1084.71
136, 1692.49, 709.946, 0.272603, 34.7822, 1084.71
137, 1692.49, 709.946, 0.27259, 34.7822, 1084.71
138, 1692.49, 709.946, 0.272597, 34.7845, 1084.71
139, 1692.49, 709.946, 0.272597, 34.78, 1084.71
140, 1692.49, 709.946, 0.272597, 34.7822, 1084.74
141, 1692.49, 709.946, 0.272597, 34.7822, 1084.68
142, 1692.49, 709.945, 0.272596, 34.7823, 1084.7
143, 1692.49, 709.954, 0.272596, 34.7823, 1084.7
144, 1692.49, 709.936, 0.272596, 34.7823, 1084.7
145, 1692.49, 709.945, 0.272602, 34.7823, 1084.7
146, 1692.49, 709.945, 0.27259, 34.7823, 1084.7
147, 1692.49, 709.945, 0.272596, 34.7845, 1084.7
148, 1692.49, 709.945, 0.272596, 34.78, 1084.7
149, 1692.49, 709.945, 0.272596, 34.7823, 1084.73
150, 1692.49, 709.945, 0.272596, 34.7823, 1084.67
 MIGRAD MINIMIZATION HAS CONVERGED.
 MIGRAD WILL VERIFY CONVERGENCE AND ERROR MATRIX.
151, 1692.49, 709.945, 0.272596, 34.7823, 1084.7
152, 1692.49, 709.954, 0.272596, 34.7823, 1084.7
153, 1692.49, 709.936, 0.272596, 34.7823, 1084.7
154, 1692.49, 709.945, 0.272602, 34.7823, 1084.7
155, 1692.49, 709.945, 0.27259, 34.7823, 1084.7
156, 1692.49, 709.945, 0.272596, 34.7845, 1084.7
157, 1692.49, 709.945, 0.272596, 34.78, 1084.7
158, 1692.49, 709.945, 0.272596, 34.7823, 1084.73
159, 1692.49, 709.945, 0.272596, 34.7823, 1084.67
160, 1692.49, 709.947, 0.272596, 34.7823, 1084.7
161, 1692.49, 709.943, 0.272596, 34.7823, 1084.7
162, 1692.49, 709.945, 0.272597, 34.7823, 1084.7
163, 1692.49, 709.945, 0.272595, 34.7823, 1084.7
164, 1692.49, 709.945, 0.272596, 34.7827, 1084.7
165, 1692.49, 709.945, 0.272596, 34.7818, 1084.7
166, 1692.49, 709.945, 0.272596, 34.7823, 1084.71
167, 1692.49, 709.945, 0.272596, 34.7823, 1084.7
168, 1692.49, 709.954, 0.272602, 34.7823, 1084.7
169, 1692.49, 709.954, 0.272596, 34.7845, 1084.7
170, 1692.49, 709.945, 0.272602, 34.7845, 1084.7
171, 1692.49, 709.954, 0.272596, 34.7823, 1084.73
172, 1692.49, 709.945, 0.272602, 34.7823, 1084.73
173, 1692.49, 709.945, 0.272596, 34.7845, 1084.73
 COVARIANCE MATRIX CALCULATED SUCCESSFULLY
 FCN=1692.49 FROM MIGRAD    STATUS=CONVERGED     172 CALLS         173 TOTAL
                     EDM=1.0009e-08    STRATEGY= 1      ERROR MATRIX ACCURATE 
  EXT PARAMETER                                   STEP         FIRST   
  NO.   NAME      VALUE            ERROR          SIZE      DERIVATIVE 
   1  A            7.09945e+02   1.11192e+00   5.34496e-06   1.81050e-01
   2  fp           2.72596e-01   6.44876e-04   1.37262e-05   1.14772e-01
   3  tau_fast     3.47823e+01   2.35890e-01   1.07001e-04  -9.72091e-03
   4  tau_slow     1.08470e+03   3.41162e+00   2.86228e-05   6.68469e-03
 EXTERNAL ERROR MATRIX.    NDIM=  25    NPAR=  4    ERR DEF=1
  1.236e+00 -4.631e-05  8.949e-02  3.243e+00 
 -4.631e-05  4.159e-07  1.161e-04  3.465e-04 
  8.949e-02  1.161e-04  5.565e-02  3.001e-01 
  3.243e+00  3.465e-04  3.001e-01  1.164e+01 
 PARAMETER  CORRELATION COEFFICIENTS  
       NO.  GLOBAL      1      2      3      4
        1  0.92209   1.000 -0.065  0.341  0.855
        2  0.88176  -0.065  1.000  0.763  0.157
        3  0.87695   0.341  0.763  1.000  0.373
        4  0.89709   0.855  0.157  0.373  1.000


Real chi2 = 423.122
Real NDF = 974
