# mu1 mu2 m2-m1 sigma1 b sigmab
8612.33 5741.72 -2870.6 442.724 2.58609 356.239 24.18
8612.33 5741.72 -2870.6 442.724 2.58609 356.239 24.18
2868.91 5742.54 2873.63 386.227 1.64817 367.939 7.80
8612.33 5741.72 -2870.6 442.724 2.58609 356.239 24.18
8612.33 5741.72 -2870.6 442.724 2.58609 356.239 24.18
2869.3 5733.74 2864.44 348.53 309812 80163.6 0.04
2866.09 5748.78 2882.68 376.969 2.58571 356.238 8.05
750720 35725.7 -714994 146767 1.84588 334.353 2245.29
2871.12 5741.72 2870.6 377.664 2.58639 356.238 8.06
750720 35725.7 -714994 146767 1.84588 334.353 2245.29
750720 35725.7 -714994 146767 1.84588 334.353 2245.29
750720 35725.7 -714994 146767 1.84588 334.353 2245.29
2871.12 5741.72 2870.6 377.664 2.58639 356.238 8.06
750720 35725.7 -714994 146767 1.84588 334.353 2245.29
2871.12 5741.72 2870.6 377.664 2.58639 356.238 8.06
750720 35725.7 -714994 146767 1.84588 334.353 2245.29
2871.12 5741.72 2870.6 377.664 2.58639 356.238 8.06
750720 35725.7 -714994 146767 1.84588 334.353 2245.29
750720 35725.7 -714994 146767 1.84588 334.353 2245.29
750720 35725.7 -714994 146767 1.84588 334.353 2245.29
750720 35725.7 -714994 146767 1.84588 334.353 2245.29
750720 35725.7 -714994 146767 1.84588 334.353 2245.29
750720 35725.7 -714994 146767 1.84588 334.353 2245.29
2.04361e+07 2.10754e+07 639327 780604 2.33599 346.233 59024.09
750720 35725.7 -714994 146767 1.84588 334.353 2245.29
2.04361e+07 2.10754e+07 639327 780604 2.33599 346.233 59024.09
2871.12 5741.72 2870.6 377.664 2.58639 356.238 8.06
